4836 25560
10215 9434
9209 20941
285 10264
5648 1150
20534 10180
14003 10740
10664 25955
31308 21653
23373 21476
9323 30414
10156 23045
23959 24638
26385 3507
23281 13983
7039 28116
17499 17254
15506 26708
16151 15790
14928 21798
27102 3256
9935 8899
13995 20598
12810 23260
10045 3978
22692 29529
12348 642
30531 4101
25279 2667
17770 16354
16649 2765
22427 12105
30180 15889
6607 14126
9636 31696
13880 4532
2746 23814
23592 26902
12207 4197
17956 208
18336 8442
29737 30683
9083 28062
12740 12319
8685 8466
28672 3291
11231 29055
15395 19367
12739 32163
1287 22374
