85217 110419
155475 6885
71076 119764
50362 135758
73438 48689
156747 30718
28942 9067
129541 75269
8896 131088
58952 75041
107887 4929
80681 127755
57227 97561
10056 149335
44855 89414
107009 130071
82132 104112
19255 153208
106175 69616
12893 21240
605 11267
92630 29546
20333 63798
145486 69901
36513 46066
27241 26699
91666 107921
36754 148892
47109 87481
22155 91963
18522 11463
104334 141326
156246 5888
136161 104049
116176 31353
7588 116780
42619 100217
28625 103623
5643 15739
15151 82827
102476 42391
109526 35769
150311 146279
66960 79720
116059 129786
13310 16881
141249 158315
158206 21422
5831 18294
125470 122006
