15255 4293
7587 12605
13928 12394
588 4798
2714 13081
10595 2326
1172 3045
713 1793
8454 11834
4998 1445
4625 9117
12865 15233
12127 13571
2058 933
10741 13644
7057 10629
9618 14644
14915 8180
3353 136
4659 6066
4899 15253
74 6070
2931 786
14910 3067
12619 4542
11559 8925
5340 9057
474 2100
7261 9579
10081 2635
7856 8819
4946 9156
15144 11542
1969 3131
3360 13675
878 8258
13561 951
6009 8173
1737 5553
11239 6037
1776 7431
14962 7115
1121 69
896 64
1329 2658
2698 867
11477 14691
10022 2936
10867 3672
6066 14226
