40357 47223
58231 21765
27188 30764
36110 13642
26922 10897
49691 42870
20978 18251
7173 36357
11188 28736
6520 28253
28631 63497
17665 631
35479 43389
13300 23243
54891 29202
51261 30563
36892 44808
12795 64080
36039 48904
38189 62960
20269 23195
1614 41246
41445 8786
38070 13101
37521 44590
1821 26619
3870 19485
52402 39348
62873 26169
23059 53079
55370 34787
44110 52730
40062 17372
52125 11417
26744 50781
34844 47012
9291 36457
48725 11203
45243 22111
24303 43231
27168 26123
5166 31037
45607 57567
30852 4264
44203 14378
57342 60041
49165 61919
48086 49694
14607 60678
61110 41350
