12231 26265
7275 10859
40364 36886
39060 19924
38798 32275
5459 3700
39668 19035
34079 20795
10068 15248
14568 10751
9353 29469
1081 26915
6379 24413
3480 18237
20011 17088
4819 32241
39324 12094
39071 35258
521 33700
6723 39318
17517 12181
38990 12754
31215 28638
29520 37255
43885 44088
43977 4779
25098 627
27666 31476
25039 27117
1255 619
44204 2045
28832 35070
10110 19444
25897 10631
4686 28591
1490 22202
40771 40479
30927 23527
24687 16017
16351 20113
11646 15897
24892 36743
16523 8127
19760 37534
31215 16986
38152 26961
19031 18525
17600 25112
37969 39468
35742 42654
