175113 82395
129651 172505
179420 164752
125430 174850
13586 211441
110651 112990
204014 151143
158825 55073
40596 152420
56376 211157
129575 156297
164341 129155
87151 113201
46932 133395
57907 84702
93829 13971
10992 4432
30371 190412
13079 155800
209157 26664
211137 100759
202598 196102
32853 142374
95070 136393
75745 151446
191445 49215
151638 136737
22266 19740
30889 132141
216079 88795
216842 153803
165710 71730
2130 39976
43093 15209
39672 96145
104816 31760
196903 88365
71757 73651
11691 166827
210043 150379
162168 182439
199594 94757
100127 2811
177440 193960
197895 18366
63706 39585
172169 73311
111314 18194
113287 217350
33402 152958
