6809 8893
11789 15167
22368 3384
15662 13256
16558 421
329 15522
7130 13361
5333 14997
13970 20604
14234 8417
6789 18865
14171 8933
4589 18179
14378 4643
10677 17168
11595 17485
5338 970
11929 5292
6045 5176
20239 188
7289 20567
17402 14418
11513 320
8692 4761
20923 512
14869 6989
21068 6625
17614 3242
2389 11269
9577 13065
6022 449
9828 13052
3110 1034
18343 9155
7902 17859
11034 15190
16011 6021
8885 6801
6341 17577
11561 6541
19780 4015
13530 18433
10639 8729
952 14720
21689 12220
5370 6989
12669 16889
20040 17470
17923 17660
4210 3410
