7141 29851
33171 64489
61120 52124
1282 62074
7162 2053
48511 12958
24202 21483
23229 40001
15708 80740
60236 3937
64483 69409
30993 57043
6271 58757
24760 10323
46119 33854
38821 53259
23116 71992
77159 84236
83527 78440
17693 2660
39905 66203
63058 64106
87685 86286
63518 62805
78997 35726
26153 14863
64546 57145
31318 70816
27873 15489
40551 73991
49342 38783
86662 31870
70186 35204
28077 65685
73056 5181
27756 24932
71383 2785
48449 30451
1043 23939
5227 39451
19076 31379
54314 83621
495 85631
25820 75808
60531 25782
61770 69285
64565 19815
13126 6134
55019 614
71818 40046
